X: (70000, 784)
y: (70000,)
X(train): (20000, 784)
y(train): (20000,)
X(valid): (20000, 784)
y(valid): (20000,)
X(test): (30000, 784)
y(test): (30000,)
time for learning:355.64991498sec (5.927498583min)
Best Score (Valid Set)=0.9098, C=0.316227766017
Test Set: Accuracy=0.892066666667
Test Set: Error Rate=0.107933333333
