X: (70000, 784)
y: (70000,)
X(train): (20000, 784)
y(train): (20000,)
X(valid): (20000, 784)
y(valid): (20000,)
X(test): (30000, 784)
y(test): (30000,)
time for learning:118.273663998sec (1.97122773329min)
Best Score (Valid Set)=0.91225, C=0.01
Test Set: Accuracy=0.868633333333
Test Set: Error Rate=0.131366666667
